Linear (linear): fwd ok; inv ok.
  Pre-add: 0
  Post-add: [ -52.19956  -56.01334  -55.90146]
  Forward matrix:
  [
   [  -0.54889    0.24755   -0.79839]
   [   0.42532   -0.73955   -0.52171]
   [   -0.7196   -0.62594    0.30063]
  ]
  Inverse matrix:
  [
   [  -0.548889  0.42532245 -0.71959723]
   [ 0.24755808  -0.7395328 -0.62593142]
   [-0.79840343 -0.52170817  0.30064305]
  ]
  
